0.06529471191783022
0.09859873301163236
0.03486555680393883
0.039018855733041494
0.06013378352527127
0.1109067696305981
0.01737951294619448
0.019482356673737853
0.024454502539573472
0.018501949639749465
0.02893817417503172
0.03438217837881791
0.051462929628076616
0.07812407948591184
0.009147818747114525
0.0090929394096292
0.009319929345670485
0.010221261970925663
0.011399799747886347
0.013660827288001215
0.009642196025453513
0.010316082082983674
0.014962661361299652
0.014302334588729048
0.016788924886224056
0.020886711041543486
0.023574009616896537
0.028337563045189078
0.03765878675095654
0.05709047903332908
0.004854830557190058
0.004542764720270885
0.004420216304435482
0.004421222912231865
0.004763658185861856
0.0045418439934710704
0.004960103693177301
0.004846261558907368
0.005698183193642581
0.005962246178186536
0.007091885126174593
0.00899038402103856
0.004687947540274744
0.004762223773057233
0.00486477390510928
0.005280496363829247
0.007620412064068027
0.0072994281174073436
0.006840830276766339
0.0070969963165392995
0.008210911486100798
0.008579909276180698
0.009841601005749516
0.012130683405176732
0.011485600448601137
0.012157009119241778
0.013804075343487057
0.014630181690861235
0.02035924396917281
0.018144585895502875
0.027017362452644498
0.0421154385972502
0.002499093558672733
0.002345831554495825
0.0022367436108307096
0.002261525702069255
0.002217513755595794
0.002130429469458949
0.0021535004651986205
0.002224970078514155
0.0023808732510810656
0.002320514328126754
0.00233426903495964
0.002232545858679471
0.0024878260641082645
0.0025200571811944137
0.0024231435888104587
0.00241285797844145
0.0028159120853420575
0.0028333946248241424
0.0031612398812830636
0.002965271995759893
0.0035195066461578377
0.003553056938770111
0.0058345459312136765
0.003983670663442812
0.002284390654568691
0.0023417896452557494
0.002426617489672532
0.0023912085300776247
0.0025172629487132526
0.002353404112811393
0.0026271069449763877
0.0027230567882666735
0.0037619889732302234
0.0038256458856810146
0.0037071249950097985
0.0036202212975957495
0.003328989741759643
0.0035564354559153273
0.0036023436145041898
0.0036078643228471346
0.004015794424168107
0.0040944124600079115
0.004258930210484272
0.004258971365713359
0.004797493323477995
0.005189462626836953
0.005639661345210631
0.006509268461421655
0.005743088693904723
0.005539896098587923
0.006379849995292713
0.0062893039494137035
0.006827181763811608
0.006955337745474178
0.007313830860250608
0.007143011762756125
0.009881275700320491
0.010821224253731873
0.008969153282983595
0.009416838271326507
0.015222753796017771
0.01335327411198627
0.023960631345721246
0.020113892260228448
0.0012678160827766626
0.0012294979524757567
0.0011912985368361202
0.0011565486480559289
0.0011628954254326446
0.0011375120727591583
0.001161007442535961
0.001137764568057956
0.0011225805005661222
0.0011196983828299595
0.0010839872347183015
0.0010422865550309217
0.0010675836874545072
0.0010883409059210332
0.0011100678511797547
0.0011038586987098095
0.0011820494793140673
0.0011746840624850782
0.0011886768145804264
0.0011476516364556512
0.0011658293365260997
0.00116928584665538
0.0011198968733275708
0.0010971216611324632
0.0012493034949421816
0.0012477802664722364
0.001232495945936922
0.0012380452084851923
0.0012114947282427652
0.0011992105646675686
0.001195453460557248
0.0011469292698485815
0.0013988627771385383
0.001415100991253657
0.0014102203634261702
0.0014170268284171778
0.0015882796753051813
0.001514848984622279
0.001492745962637986
0.0014670764777261244
0.0017196024100868677
0.0017693987345785297
0.0017861870359039914
0.0018587548071164871
0.0028361951928929413
0.003705980959881107
0.002205859333202263
0.0019140518081876337
0.001164914781948165
0.0011510329666309315
0.0011771869415852635
0.0011805939602464045
0.0011889330470176637
0.0012130375854105626
0.0011888934676605879
0.001191052821114513
0.001274824274632271
0.0012288840148682895
0.0012068633647949018
0.0011643527838984295
0.0012924795012496308
0.0013057592427277035
0.001383669812304316
0.0013233975375237282
0.0018957942770602217
0.00186048665888723
0.001931730154522986
0.0019009293261372092
0.0018312254830432037
0.0018603410384556828
0.0018314816255905009
0.0018272861951548773
0.00171767389959709
0.0016530452209935235
0.0017659279370452463
0.0017330973542297153
0.0018282991070323743
0.0017755275553549502
0.0017988046588253304
0.0018250375009506337
0.002068787129100004
0.0020380324733645966
0.0021032891718008578
0.0020468176697912704
0.002118549490478266
0.0021585063186135454
0.002148063506345032
0.0021541505217223087
0.0024149713451074146
0.002386535912652188
0.0027062550443085528
0.002524280576267801
0.0027936723238221415
0.0029270624370642227
0.003407010460244972
0.0032286692940428478
0.0028894111910261733
0.0028678452025273434
0.0027254829126596007
0.0026353146136191253
0.003231703358387465
0.0031904485641740692
0.003256863652668274
0.0030713934134250762
0.0033847177250171086
0.0033492769146877626
0.0035061359051687096
0.003497422915260005
0.0038590311336796105
0.0035636558448160012
0.003532691335029455
0.0036087345818141877
0.0049185777716780595
0.0047508799752374745
0.005172017726757849
0.005736853725227872
0.004536223916610888
0.004281137454909377
0.004546298825705258
0.004650125302482538
0.00863894200985571
0.007510259372369522
0.006624506387256812
0.006759269671228274
0.011978355552635687
0.011768790982734752
0.010535390966714976
0.00982417221458886
0.0006253666765937084
0.0006360408440262501
0.0006261472969329772
0.0006169609327080793
0.000598958285630674
0.0006060134408579032
0.0005947358860725613
0.0005769637332362038
0.0005945484642989535
0.0005736424546265155
0.000567199240828081
0.000571972151986235
0.0005707972986025704
0.0005782110689167263
0.0005728920740861923
0.000573090015699453
0.0005624225402598502
0.0005576308095230001
0.000552489566307999
0.0005604980300506348
0.0005419817101346858
0.0005335590613993298
0.0005256677325897884
0.0005198697981506988
0.0005311424376059711
0.0005290936951660357
0.0005455855634106105
0.0005482973790321953
0.0005519750493032415
0.000561083905837846
0.0005508740246050802
0.000564663172938826
0.0006067220455368279
0.0005837754627946124
0.0005919237641882011
0.0005863633460282453
0.0005765071558846952
0.0005994381561202619
0.0005905268538052947
0.0005891375839536762
0.0005840493021977764
0.0005803597062034905
0.0005833048127442117
0.0005943203747392162
0.0005582907774737888
0.0005625406970774447
0.0005462799843872224
0.0005567239346138511
0.000638592882018736
0.0006230387065446657
0.0006174124847283704
0.000625207668549154
0.0006165430373777332
0.0006168164690687162
0.0006213099265355665
0.0006285732589369794
0.0005924974929106007
0.0006023929280803803
0.0006046160996121387
0.000603756620683877
0.0006081346295507109
0.0005898276249490962
0.0006190559440287243
0.0005715776143967109
0.000695164770282963
0.0006968187827210229
0.0006953081119883452
0.0007231680610792677
0.0007142741547507735
0.0007047921909561165
0.0007103051845386298
0.0007197433537953058
0.0008233986645691347
0.000793346785572233
0.0007793838296451035
0.0007492606927956494
0.0007277532781935029
0.0007511571388765011
0.0007181999673810909
0.0007480496346294384
0.0008610357390619557
0.0008343024165995576
0.0008895652985466298
0.0008862915758014483
0.0008726798113672376
0.0008714519562864366
0.000919863331744834
0.0009548600182069977
0.0014325540963466437
0.0014900103389988947
0.0018719760479464723
0.0022783871310258063
0.0010384609230033026
0.0011387588637486795
0.0009866184578666527
0.0009597682928571423
0.0005955318710515785
0.0005714118626769089
0.000575613052045035
0.0005655745561171271
0.0005909060166766088
0.0005834800938392784
0.0005890827892394457
0.0005832144315442622
0.0006140062463642413
0.0006016475628449133
0.0006014759393387965
0.0006066802161875228
0.0005968670195196913
0.000609520204001329
0.0006000295725163098
0.0005951517360495778
0.0006352348865704951
0.0006442925481142353
0.0006114209438093633
0.0006297373723924705
0.000602596258633884
0.0005842981436644612
0.0005731654840740839
0.000586632578225585
0.0006446389472718144
0.0006539301743534746
0.0006426097499256544
0.0006599369420825838
0.0007228476377662249
0.0006857856854001276
0.0006683275044427094
0.0006763013118925246
0.0009374917911500725
0.0009518930419217328
0.0009492393031355357
0.0009445498932227945
0.0009629231046630192
0.0009478122806295938
0.000945134479052043
0.0009496622792025436
0.0009195406478991912
0.0009180106513724011
0.0009286635608747831
0.0009358670433611258
0.0009011031608385639
0.0009015984222123674
0.0008988788991974575
0.0009244412519719107
0.0008478465193628722
0.0008573975528380449
0.0008157594860372659
0.0008266561686982552
0.0008881144498254437
0.0008741579772419371
0.0008646909937841846
0.000837663629230893
0.0008925115394682312
0.0009062502940779197
0.0008843651499363076
0.0009112002399039351
0.000888917241710041
0.0009003884947677667
0.0009068901280184467
0.000907231976168557
0.0010377389540600181
0.001061041438690504
0.001029805948497132
0.001018172256805904
0.001076517404862397
0.001048240157461999
0.0010125580476720805
0.0010422900170290988
0.0010609472694384902
0.0010725771251064071
0.0010983908317690032
0.0010953618750704343
0.0010657143771666319
0.0010962444462751754
0.0010570016307641325
0.001090556630890184
0.001184568142909617
0.0012275906940183157
0.00118753240178123
0.001194182037452296
0.0013121430120392314
0.0013671414550917634
0.0012760434699265533
0.0012438881269313613
0.001382976779248747
0.0014197601122431752
0.0014912568382730539
0.0014500316592377918
0.001662965868194627
0.0016534366169501276
0.0015870528038002276
0.0016149131498488514
0.0015139093705939446
0.0014202658688755297
0.0014664059201840642
0.001432634185487196
0.001422515892204129
0.0014005435919566545
0.0013919432636645764
0.0013225417894179529
0.0016430222814558457
0.0015595691215756556
0.0015952121483175808
0.0015312550026649798
0.001661089414219165
0.0016233998994561712
0.0015822932015254604
0.001540257430121773
0.0016999572372720301
0.001727970138413533
0.0017049478558381242
0.0017472675645985743
0.0017927182954457217
0.0017044904471559118
0.0017361935391128872
0.0017475069832359616
0.0019313323398330497
0.0019651628040570157
0.0017620200196129224
0.0018653775343906874
0.0016945929486659821
0.0018154631604069848
0.0018005393871463264
0.0018597365176637732
0.002530554493505647
0.0024494609877656324
0.002400751469577023
0.0023731962053324947
0.0024365619773120306
0.0025176043489525146
0.002801516941807775
0.0030075889959404914
0.0022594354786625707
0.0022402895115635948
0.0020986179462409295
0.0021131579681622015
0.0023116093683115987
0.00218882088576591
0.0024341232847717685
0.0023609773725882456
0.0051209803951832045
0.004124643697228363
0.0037256846007181397
0.0037179441832172117
0.0034263371665293517
0.0030808103404858385
0.0033204899631400124
0.0035050045114214893
0.005780983555474976
0.006170722383426392
0.006061272784308643
0.005884107546763846
0.0058411220679022305
0.004633281119350276
0.005217713381434738
0.004406308514685709
0.00031335014066544815
0.0003070761187543943
0.00032009887500896003
0.0003177551721442529
0.00031164708482138995
0.00031768263109271364
0.0003010239858840961
0.0003005752482073364
0.0002967155205740449
0.00029307188295605473
0.0002984400291089078
0.0003084417338289279
0.0002923934767806923
0.0002895496393139271
0.00028250148077904163
0.0002850779765924355
0.00030432770179622976
0.00028970829810448816
0.0002894895985550628
0.0002947737989774456
0.0002853921309160792
0.00028153061825076883
0.0002814672934308368
0.0002860880701549408
0.0002850765727789152
0.0002837475928343644
0.000290543584934557
0.0002939381320595781
0.00029167864991246035
0.0002795890086355423
0.000282127044144407
0.00028685398467782024
0.00028278932951287335
0.0002782212328448123
0.00029030693900650585
0.00027111459730666277
0.00027835135196416336
0.0002708490775322456
0.00027469631606538366
0.0002815831362403561
0.0002731427374472897
0.00027130831413318767
0.0002704512460360625
0.0002679506089349363
0.0002581786261906473
0.00025980448318261434
0.00025946456206226174
0.0002590504376909064
0.0002638400572701612
0.0002640636738168316
0.0002687933095766704
0.0002711806293663028
0.00027331578294044717
0.0002646391936759032
0.00027684859993278005
0.0002740207629706763
0.00027705558687634294
0.0002764760364143138
0.00028160849686986457
0.0002739201826686051
0.0002783012384153076
0.0002769250866261
0.00029005576708387136
0.0002824665741249807
0.00030307297528211504
0.0002955903485528237
0.00030098013515348905
0.0002868581214942327
0.00029745602797399886
0.00029402146222810204
0.00029247730578330154
0.00028529910577749384
0.0002973304785266484
0.0002825894960914319
0.0002981310126985518
0.00029535762492209183
0.0002874758195889951
0.00029323920653350665
0.00029489848352702184
0.00028443111943777686
0.0002940747013152801
0.00028938643518781253
0.00030013455268859375
0.00028588748717201136
0.0002959663975917069
0.00028784980028186466
0.00028002661592265886
0.0002902344167630521
0.00027475813828342437
0.0002847200531521705
0.0002823007668750782
0.00027170831575361917
0.0002756188508067829
0.00027853222264617483
0.00027399249932113964
0.00027228656373475815
0.0003228111486149737
0.00030498019854390543
0.00031606228616593577
0.000307415736420226
0.0003132822470262385
0.00030447689211641663
0.0003132178712092515
0.00031799600865375276
0.0003180401806387267
0.0003150057110628718
0.00030574181698507367
0.00030759019392835786
0.00031566900110381125
0.00031697888828911716
0.00031484876704134624
0.00031511805234366345
0.0002959961533184043
0.00030305082708258576
0.0003078517299669361
0.00029674952073107617
0.0003037475206219917
0.0003056331317258925
0.0003042490306296934
0.00030034539641222806
0.00029957739769523805
0.0002963018818362743
0.00029920220401203777
0.000292967772720169
0.0003282563680535654
0.0003014431779991931
0.00029287988329855367
0.0002862366345094697
0.0003421095742671015
0.0003424483456059636
0.00034886621470603505
0.0003540414511752809
0.0003500972674039813
0.0003482226093133996
0.00035654028795542705
0.0003575106823239971
0.00035596542756474557
0.0003528612141940157
0.0003490538702869272
0.00034970934504879674
0.00034934287318360316
0.000353425808902334
0.0003554055763950552
0.000359927189967579
0.00040448236448786476
0.00040812088533880665
0.00038521136857277375
0.0003980373740227148
0.0003972246712151521
0.0003791098631031466
0.00037280667109747544
0.000363948262842769
0.00036664793552586067
0.00037838182244454883
0.00038650626511184676
0.0003697222382258063
0.0003530655711799651
0.0003622173906600053
0.0003621713628508954
0.000369243228793562
0.0004320978917753128
0.00043978030623948605
0.00042879975780169016
0.0004311741053510995
0.00044742628062799985
0.0004307415800613362
0.0004521608259090589
0.0004083535128799041
0.0004301243231904491
0.00044562803868825843
0.00044268392448470085
0.0004432272790104808
0.00045770182348475546
0.0004511855589799306
0.00046898570765287493
0.00046942274323786995
0.0007128006115466904
0.000709816809268288
0.0007609033229873536
0.0007216625568164884
0.0009699261066052828
0.0008804108701483536
0.0012684962372709262
0.0010326149000038892
0.0005331341381819027
0.000496105835793862
0.0005685105166925916
0.0005653022001753023
0.0004907155629082832
0.0004913006954039833
0.00048722255026728485
0.0004894411813881395
0.0002946338249056166
0.00030351670323481666
0.00029540671529643597
0.0002975801750467698
0.00028166715084481964
0.00028796244821008884
0.00028725024483565215
0.0002793357969216087
0.00029766755413791106
0.00029548784395043697
0.0002944144357664687
0.0002958812974432084
0.0003018703944187787
0.00029053162828844445
0.0002943344515734322
0.0002914441879243273
0.0003037920188215559
0.0003051078808094154
0.00030319385017019384
0.00029974495320923063
0.0002941059984553814
0.0003075537108848998
0.000303019693085921
0.00030127601122660196
0.00030177115373023985
0.0002951817496810412
0.00029838536489393557
0.00030978850009879004
0.0002934989589547821
0.00030172759649771137
0.00029415283975458927
0.000296646138010008
0.0003171824968165279
0.00031770456328622477
0.000322105646634681
0.000318687065587043
0.00030808387136536524
0.0003036972276572899
0.0003216585887190434
0.0003053544532728848
0.00030317663515291187
0.00030310513968972937
0.00028967283676617386
0.0003052588744661197
0.00029238993808238775
0.0002852478124941383
0.0002902628850215551
0.0002960684689995062
0.0003379429588850571
0.00032345933531261714
0.00032561732028072495
0.00032545883858717977
0.0003265813528928934
0.00031892254914696707
0.00032465952989578283
0.00032269035775888636
0.00035530961744782095
0.00036009415009010445
0.00034834486721566787
0.00034764385198225023
0.00033785688505348003
0.00033149637257558613
0.00034018553104885925
0.00034048524485199303
0.000471814832733017
0.00048109253678038443
0.000470160848087398
0.0004791303907165118
0.00046334869624340666
0.00046748609377352825
0.00045563797773242687
0.0004833551908949567
0.00048384747270532083
0.0004825936387806581
0.00048266125511635714
0.0004868989152343245
0.0004675483193186107
0.00047289908032358615
0.00047501683650390226
0.00047531497167406517
0.00043769442390584063
0.0004668865142845573
0.0004453043131319992
0.00046592975226566124
0.00046480411550292876
0.00047022778005023847
0.00045913826428609273
0.000472771768537398
0.00046280072583171876
0.000450829709170013
0.0004480321046185646
0.00046445268136334814
0.0004506147080879676
0.0004634531806737027
0.0004551607681586504
0.00045739894479330053
0.00041826897426625975
0.00042822755909559956
0.00042244870190746197
0.0004335030443102314
0.0004175515952665951
0.0004185323858611676
0.00039870867107574
0.00041496116670999833
0.00044512871326518377
0.0004413650493106124
0.0004365717979123665
0.00043743005452415347
0.00043294866125947323
0.0004376897574852137
0.00040608771438594533
0.0004282435363548995
0.0004626696298138631
0.00043628901512450215
0.00043829220161226894
0.0004541607556289269
0.0004334655115643542
0.00043500579573315566
0.0004557867604545464
0.00044096579928248425
0.00043155553119589925
0.00043436411215119736
0.00044209497471982403
0.00045285135149707195
0.00046054751287142166
0.00045822914671567476
0.00044688239830892334
0.00045793784072980967
0.0005064896844640006
0.000527753248176903
0.0005100061794809176
0.0005269862838286776
0.0005170563192108854
0.0005131928611302117
0.0005235598825981242
0.0005044657268604592
0.0005517044162631657
0.0005338179274809561
0.0005084628373038105
0.0005199069946267265
0.0005064116008152772
0.0004986989046185538
0.0005283434934650589
0.0005178926660091937
0.000540113137707465
0.0005349346294823887
0.000530217234141833
0.0005371772540469431
0.0005270167214369721
0.0005545108825236462
0.0005330598664312228
0.0005332634134270545
0.0005318538496090882
0.0005194125766420886
0.0005454154776113521
0.0005371499394213712
0.000542281897074262
0.0005230302154075769
0.0005420822269702053
0.0005414988526105559
0.0005936497387016348
0.0006197171371338106
0.0005950694224660043
0.0006239690803121062
0.0005865582088533431
0.0005962649179782724
0.0005943531180502615
0.0005888366719155468
0.0006752772263364294
0.0006564518630037796
0.0006831173734871812
0.0006706604662333217
0.000645064327159236
0.000649818779364977
0.0006408052109626045
0.0005923176007410588
0.0007046448976793465
0.0006777085438135982
0.0007248171601063073
0.0007067005818248537
0.0007783216423257876
0.0007364817721521464
0.0007090434401675563
0.0007201680574594383
0.0008549074628893407
0.0008362851512729591
0.0008028824231295651
0.0008523817146257282
0.0007645590020977802
0.0007713987651029497
0.0007831966870111939
0.0008083906467273594
0.0007213572103196014
0.000732813863698821
0.000713650663069911
0.0006627756166184222
0.0007155365610353559
0.0007371951316352839
0.0007600912743327547
0.0007838992026257698
0.0007074913395547218
0.0007472835203584469
0.0006650696633524508
0.0006708077824944901
0.0007052794066992527
0.0006979220684299453
0.0006483741197250586
0.0006589640840037528
0.0007568454316582236
0.0008258145379262173
0.0008096641367918577
0.0008171756481546167
0.0007910217480296248
0.0008380398456613868
0.0007681783763608057
0.0007611181624825644
0.0008164892362908523
0.000819747704274846
0.0008502418704035572
0.000750221815853118
0.0008218866665482667
0.0007963759026881176
0.0007522029065717779
0.0007646356709101784
0.0007983344842396909
0.0008456661188207956
0.0008214517179406974
0.0008447644119875914
0.000808524110728576
0.0008420715556879543
0.0008431537856967323
0.0008610923566634263
0.000822904658847669
0.0008845547972083392
0.000829540239299298
0.0009200299273420063
0.0008271875132036522
0.0008759324291815483
0.0008652097360915637
0.0008683466214275576
0.0009283206039945582
0.0009542064092405828
0.0010121110410358373
0.0009748249849389826
0.0009751220579538906
0.0009031227127209448
0.0008371134700680282
0.0008789739051313953
0.0008464587240087335
0.0008310766417247801
0.0009199583578334033
0.0009325706099576749
0.0009010517199834607
0.0009603125667710145
0.0008406936344405411
0.0008460226240624005
0.001258153891948217
0.00129538682316335
0.001208962449736826
0.0012748794121674842
0.001304390232228701
0.0011769478277491349
0.001161249057358794
0.0012483891765659573
0.0011805476905745722
0.0012119283598320935
0.0013733941971096457
0.0013316266015309802
0.0013350349372070437
0.0014207830750628616
0.0014106309567717846
0.0015409280557149795
0.0011600914357625751
0.0010662194929031666
0.0011591097087733893
0.0011525083567160053
0.0010343051237052224
0.0009291223713084983
0.001163750790669373
0.0010844611419272387
0.0012173408497180376
0.0010839192854852268
0.0012356527001667955
0.0012117985368288087
0.0011503308152787202
0.0011592825544107538
0.0011411179514690603
0.0011989310388876276
0.0022157696389417197
0.0025601379741324874
0.0020032265636556685
0.0022318821196377694
0.0017677430657134152
0.0017555868914321843
0.0018876219705510383
0.0019457267081737662
0.0016081667765117545
0.001666614725207757
0.0014819506768406487
0.0017669646447531035
0.0014963586999833804
0.0016462725462447736
0.0015811219046054726
0.0016887074591751914
0.00246587695088684
0.002938237637146482
0.0032206953684286565
0.0029677233503461885
0.002796798940279158
0.0032730309213884557
0.0026044763120031482
0.002569978733431321
0.0026831952499968463
0.0031283420126580566
0.002742560529628351
0.0026048817636728154
0.0029628852822385044
0.0021572394979738553
0.002180831659876703
0.0019886440562952093
