1009
431
73
830
409
496
121
1037
323
49
398
272
302
454
923
605
860
1148
591
1171
327
981
948
1058
530
338
336
254
503
471
71
1006
596
1128
788
1141
252
1110
103
936
985
715
46
96
538
320
1027
627
61
462
428
570
781
550
295
313
394
366
415
518
372
483
1122
753
752
813
984
784
475
604
392
261
1069
458
328
43
939
78
1096
1133
680
1080
136
1167
1144
1180
217
264
242
78
114
267
490
1133
749
1120
290
871
522
282
945
922
426
649
271
1088
210
280
470
239
468
334
406
264
558
291
504
284
348
514
363
614
463
486
489
382
940
62
192
954
202
1180
102
188
470
413
1174
430
926
234
986
200
1190
275
84
107
1066
36
897
55
439
653
858
571
652
240
74
432
1139
933
346
422
634
1093
700
333
707
144
1000
109
1165
906
1103
930
112
1117
251
219
81
1108
27
152
111
42
12
103
819
555
701
306
1164
316
692
1066
532
392
867
885
361
972
410
1161
1183
185
1000
842
602
923
926
949
968
822
287
1116
280
800
584
853
370
302
450
870
351
1062
291
445
334
309
230
384
227
484
261
553
360
454
550
454
509
454
435
453
265
491
244
464
381
472
455
444
488
492
381
471
1036
1047
37
776
411
1101
1108
766
1057
278
68
663
850
318
785
868
422
1006
411
941
941
995
248
1115
715
1098
162
1032
174
466
1146
383
498
1172
1097
218
454
1073
629
978
532
845
890
950
469
323
1190
386
57
305
1105
209
650
422
968
436
656
78
1183
1057
116
636
71
73
497
421
1095
1122
1155
306
409
69
1117
145
908
1027
627
159
612
1160
1060
1170
54
87
128
1029
614
157
1156
1156
1157
961
999
94
1013
952
685
124
149
240
210
35
48
78
146
511
665
614
994
889
214
172
1115
50
353
622
519
1126
166
68
896
322
1116
429
62
174
600
108
1070
1020
669
1104
655
1025
286
256
1135
407
303
979
956
996
1098
420
316
428
222
1067
309
940
851
432
1168
527
1184
1095
286
603
922
288
974
995
994
441
656
836
667
893
1118
629
1138
906
837
1008
1059
908
594
1000
899
914
851
445
1105
296
909
794
1051
434
878
517
1007
406
574
328
299
350
668
288
577
559
273
270
251
366
300
309
313
340
397
258
342
660
465
487
411
283
418
448
660
639
506
284
539
439
421
402
498
538
454
418
521
460
534
353
401
530
359
256
263
260
498
464
490
513
375
458
472
490
485
483
476
493
376
496
493
371
132
220
979
1079
1122
353
769
1117
67
118
240
985
112
888
172
787
444
95
228
783
882
1102
69
932
822
1007
461
304
388
66
419
1186
1011
40
978
679
103
470
180
1165
1183
1047
961
124
700
398
30
1189
706
1166
381
1075
1104
460
687
561
175
701
872
795
1165
554
1005
1138
1183
1025
1135
1144
414
416
901
716
54
479
1135
944
1166
880
531
836
1129
217
886
720
1189
252
1009
429
509
684
855
976
502
1119
739
706
517
1006
19
30
363
871
959
260
967
644
210
434
240
526
314
490
63
551
526
491
1154
460
900
1143
1092
601
826
236
1012
1035
319
1008
441
651
658
59
911
996
44
635
917
1170
1063
340
144
321
1160
600
64
664
1122
775
1011
1170
580
894
570
1152
1149
148
316
25
1060
1027
105
44
660
421
618
727
1145
768
1138
1073
1171
1094
1092
1159
1050
1168
1156
946
752
936
1180
1005
955
947
1168
776
1034
899
1029
995
1073
1190
27
1065
38
1041
44
864
92
555
975
809
146
382
210
283
151
714
497
533
851
1097
99
822
198
455
424
224
894
263
499
375
435
240
58
1185
31
51
162
62
102
799
357
20
626
207
14
675
84
552
1118
157
295
16
701
590
64
1119
1108
371
152
675
1125
157
335
812
1129
985
396
252
910
954
898
913
955
881
1065
390
1022
897
1028
1019
901
1059
396
309
1109
902
1074
924
1126
899
272
330
473
391
939
1087
493
426
547
395
196
222
85
444
870
1019
486
1022
334
1123
1014
178
862
417
428
1059
1011
451
548
1188
1008
1056
189
545
829
894
820
451
272
696
616
996
721
728
557
921
988
462
260
907
1000
388
674
682
603
1123
865
969
754
839
926
402
1030
783
1077
937
440
324
905
848
1048
1089
577
217
1032
831
994
1039
1014
603
1026
1078
282
892
1028
1136
374
1020
910
567
1093
366
264
673
304
261
899
369
303
289
308
874
285
222
268
469
1061
1063
341
261
246
284
308
309
216
303
302
574
334
277
285
363
272
293
331
339
369
555
280
387
373
310
558
352
316
559
315
357
446
384
361
421
501
492
365
485
454
365
281
640
462
276
512
532
407
413
446
645
284
237
646
426
517
355
261
484
406
369
608
525
243
347
543
517
456
451
412
461
468
435
538
453
522
499
473
270
480
433
483
390
387
424
346
452
267
240
253
255
481
379
476
476
525
511
518
519
364
508
538
409
473
498
537
365
478
480
482
482
486
480
489
476
485
377
473
490
376
377
476
370
