494
578
55
927
85
163
64
1115
794
392
428
333
256
147
981
933
63
828
1002
517
936
184
716
918
112
467
223
150
118
557
574
595
23
585
904
569
473
512
895
28
17
992
529
575
1091
581
766
840
126
244
212
84
553
124
340
376
159
226
163
164
184
122
1021
908
124
1069
1035
941
1008
873
717
517
438
829
40
162
493
160
130
379
985
482
688
388
144
130
609
942
927
403
889
696
943
288
506
918
120
774
849
110
572
430
124
518
319
782
165
309
186
198
101
217
188
123
133
272
165
267
433
134
219
604
560
149
129
198
943
62
297
665
804
935
44
515
1021
11
957
821
554
763
987
552
620
530
548
72
1144
83
985
289
46
910
557
870
94
464
247
781
252
19
57
1013
995
118
982
780
985
642
15
658
305
97
94
113
579
353
567
596
356
476
287
493
811
515
375
849
1016
824
1117
882
758
24
521
737
36
66
783
518
491
775
33
590
723
202
961
459
62
877
597
742
845
673
401
745
380
557
532
679
144
401
123
611
115
774
347
129
151
272
133
160
138
164
189
144
435
134
149
587
159
165
156
560
180
157
156
123
206
143
151
161
135
136
196
133
599
528
75
70
863
1110
429
29
1015
585
579
74
1029
963
103
1042
646
581
754
1046
1098
1017
834
311
96
648
100
1084
94
1004
1177
666
440
589
1124
469
481
599
910
971
856
1147
929
676
488
531
1114
634
182
558
735
447
46
66
623
24
906
148
606
433
424
152
77
164
1061
765
151
192
203
779
990
709
1066
687
70
170
1063
74
1031
882
123
505
666
621
641
10
1067
668
315
138
53
94
23
635
128
136
99
872
579
634
827
538
582
390
459
1082
137
952
201
13
850
872
468
508
56
968
1060
421
29
834
1097
907
379
797
609
701
1088
767
296
778
794
901
506
748
452
233
915
40
188
656
530
871
860
88
111
31
451
431
503
564
452
626
602
77
728
904
498
75
829
492
721
835
619
214
530
519
505
580
908
510
661
713
659
738
936
811
522
645
590
715
601
124
785
406
652
512
667
573
610
114
633
217
115
243
361
131
662
194
557
159
273
191
193
432
247
365
274
446
216
145
209
668
165
103
184
256
156
576
653
653
171
263
557
144
168
169
114
139
570
169
136
153
134
203
182
132
210
159
161
162
128
562
147
148
181
569
554
116
138
129
130
135
193
134
124
200
141
79
912
853
604
18
82
1169
310
415
291
241
393
1003
104
72
518
421
299
18
1066
526
335
1022
1059
228
504
960
651
548
489
596
204
306
1051
61
523
915
78
634
908
1079
1044
519
109
579
289
784
153
807
825
564
448
910
152
854
93
93
1087
928
677
1094
1069
1178
759
558
1133
970
619
477
545
60
277
882
1132
1139
1134
456
446
1142
1161
501
457
927
634
767
1106
849
471
56
70
933
878
1008
71
915
72
912
104
11
493
527
947
770
793
912
255
68
253
835
528
438
257
33
852
23
809
474
939
820
341
94
854
729
918
1125
511
1118
813
979
979
737
129
161
723
1066
141
251
37
862
618
869
886
1005
625
988
30
976
146
12
1027
1087
1026
492
279
689
842
629
478
194
625
664
1106
527
1080
983
483
1088
165
109
414
69
73
377
120
385
44
101
992
76
301
32
66
82
140
1025
122
94
128
21
100
459
553
589
846
816
582
162
878
1043
200
936
881
688
669
845
361
959
1015
906
102
211
386
1030
915
979
985
867
19
822
1014
696
822
57
507
948
768
489
592
471
591
970
853
378
1045
649
807
1127
839
923
452
791
779
765
972
1042
775
581
261
578
607
108
269
717
902
999
777
711
71
275
857
534
561
836
906
503
301
99
674
564
607
666
576
707
440
487
883
757
298
753
765
872
462
495
669
55
484
683
430
620
34
732
234
248
128
794
510
760
435
969
499
658
806
209
530
711
96
625
784
97
461
744
964
283
202
45
628
873
557
242
417
553
42
717
546
536
108
780
883
209
355
768
851
132
530
516
156
911
582
700
554
543
640
132
616
531
802
649
200
192
606
516
677
694
143
187
653
675
692
752
894
538
731
886
376
613
645
741
439
634
648
160
886
452
43
663
306
200
634
148
426
332
406
628
156
136
262
171
781
781
457
120
197
128
329
328
162
384
434
556
171
180
249
443
264
249
154
141
156
127
204
158
160
280
143
137
381
137
386
146
552
165
423
182
108
104
233
103
548
372
275
659
578
147
168
162
182
155
576
662
260
180
665
152
171
159
187
159
176
216
604
157
170
433
148
132
571
560
163
156
570
163
151
565
130
159
573
162
157
150
107
175
177
160
427
554
171
162
161
180
118
206
560
144
148
143
142
144
193
134
144
172
145
149
146
197
131
137
130
136
140
138
140
137
122
194
135
143
189
188
142
194
